att48 = [1 6734 1453
2 2233 10
3 5530 1424
4 401 841
5 3082 1644
6 7608 4458
7 7573 3716
8 7265 1268
9 6898 1885
10 1112 2049
11 5468 2606
12 5989 2873
13 4706 2674
14 4612 2035
15 6347 2683
16 6107 669
17 7611 5184
18 7462 3590
19 7732 4723
20 5900 3561
21 4483 3369
22 6101 1110
23 5199 2182
24 1633 2809
25 4307 2322
26 675 1006
27 7555 4819
28 7541 3981
29 3177 756
30 7352 4506
31 7545 2801
32 3245 3305
33 6426 3173
34 4608 1198
35 23 2216
36 7248 3779
37 7762 4595
38 7392 2244
39 3484 2829
40 6271 2135
41 4985 140
42 1916 1569
43 7280 4899
44 7509 3239
45 10 2676
46 6807 2993
47 5185 3258
48 3023 1942];

bayg49 =    [1    1150.0  1760.0
   2     630.0  1660.0
   3      40.0  2090.0
   4     750.0  1100.0
   5     750.0  2030.0
   6    1030.0  2070.0
   7    1650.0   650.0
   8    1490.0  1630.0
   9     790.0  2260.0
  10     710.0  1310.0
  11     840.0   550.0
  12    1170.0  2300.0
  13     970.0  1340.0
  14     510.0   700.0
  15     750.0   900.0
  16    1280.0  1200.0
  17     230.0   590.0
  18     460.0   860.0
  19    1040.0   950.0
  20     590.0  1390.0
  21     830.0  1770.0
  22     490.0   500.0
  23    1840.0  1240.0
  24    1260.0  1500.0
  25    1280.0   790.0
  26     490.0  2130.0
  27    1460.0  1420.0
  28    1260.0  1910.0
  29     360.0  1980.0];

berlin52 = [1 565.0 575.0
2 25.0 185.0
3 345.0 750.0
4 945.0 685.0
5 845.0 655.0
6 880.0 660.0
7 25.0 230.0
8 525.0 1000.0
9 580.0 1175.0
10 650.0 1130.0
11 1605.0 620.0 
12 1220.0 580.0
13 1465.0 200.0
14 1530.0 5.0
15 845.0 680.0
16 725.0 370.0
17 145.0 665.0
18 415.0 635.0
19 510.0 875.0  
20 560.0 365.0
21 300.0 465.0
22 520.0 585.0
23 480.0 415.0
24 835.0 625.0
25 975.0 580.0
26 1215.0 245.0
27 1320.0 315.0
28 1250.0 400.0
29 660.0 180.0
30 410.0 250.0
31 420.0 555.0
32 575.0 665.0
33 1150.0 1160.0
34 700.0 580.0
35 685.0 595.0
36 685.0 610.0
37 770.0 610.0
38 795.0 645.0
39 720.0 635.0
40 760.0 650.0
41 475.0 960.0
42 95.0 260.0
43 875.0 920.0
44 700.0 500.0
45 555.0 815.0
46 830.0 485.0
47 1170.0 65.0
48 830.0 610.0
49 605.0 625.0
50 595.0 360.0
51 1340.0 725.0
52 1740.0 245.0];

eil51 = [1 37 52
2 49 49
3 52 64
4 20 26
5 40 30
6 21 47
7 17 63
8 31 62
9 52 33
10 51 21
11 42 41
12 31 32
13 5 25
14 12 42
15 36 16
16 52 41
17 27 23
18 17 33
19 13 13
20 57 58
21 62 42
22 42 57
23 16 57
24 8 52
25 7 38
26 27 68
27 30 48
28 43 67
29 58 48
30 58 27
31 37 69
32 38 46
33 46 10
34 61 33
35 62 63
36 63 69
37 32 22
38 45 35
39 59 15
40 5 6
41 10 17
42 21 10
43 5 64
44 30 15
45 39 10
46 32 39
47 25 32
48 25 55
49 48 28
50 56 37
51 30 40];

st70 = [1 64 96
2 80 39
3 69 23
4 72 42
5 48 67
6 58 43
7 81 34
8 79 17
9 30 23
10 42 67
11 7 76
12 29 51
13 78 92
14 64 8
15 95 57
16 57 91
17 40 35
18 68 40
19 92 34
20 62 1
21 28 43
22 76 73
23 67 88
24 93 54
25 6 8
26 87 18
27 30 9
28 77 13
29 78 94
30 55 3
31 82 88
32 73 28
33 20 55
34 27 43
35 95 86
36 67 99
37 48 83
38 75 81
39 8 19
40 20 18
41 54 38
42 63 36
43 44 33
44 52 18
45 12 13
46 25 5
47 58 85
48 5 67
49 90 9
50 41 76
51 25 76
52 37 64
53 56 63
54 10 55
55 98 7
56 16 74
57 89 60
58 48 82
59 81 76
60 29 60
61 17 22
62 5 45
63 79 70
64 9 100
65 17 82
66 74 67
67 10 68
68 48 19
69 83 86
70 84 94];